1000 5000
1  800
2  164
3  679
4  471
5  384
6  234
7  614
8  587
9  604
10  3
11  610
12  158
13  694
14  334
15  888
16  906
17  318
18  767
19  633
20  212
21  520
22  16
23  283
24  696
25  990
26  486
27  340
28  947
29  201
30  326
31  617
32  218
33  839
34  903
35  965
36  826
37  146
38  250
39  981
40  989
41  778
42  529
43  872
44  182
45  808
46  741
47  363
48  371
49  726
50  559
51  718
52  627
53  661
54  615
55  204
56  648
57  150
58  379
59  483
60  533
61  102
62  663
63  295
64  237
65  629
66  534
67  745
68  205
69  232
70  342
71  744
72  397
73  672
74  253
75  399
76  160
77  760
78  832
79  710
80  747
81  596
82  362
83  439
84  310
85  453
86  305
87  418
88  619
89  899
90  722
91  833
92  568
93  952
94  639
95  578
96  258
97  93
98  319
99  155
100  528
101  121
102  797
103  191
104  318
105  941
106  740
107  723
108  384
109  164
110  917
111  418
112  206
113  849
114  994
115  356
116  166
117  891
118  151
119  733
120  179
121  86
122  16
123  515
124  728
125  652
126  1000
127  231
128  775
129  702
130  968
131  41
132  919
133  983
134  371
135  824
136  874
137  955
138  855
139  334
140  410
141  651
142  704
143  449
144  615
145  650
146  878
147  191
148  455
149  232
150  492
151  468
152  429
153  815
154  925
155  962
156  136
157  703
158  503
159  278
160  486
161  260
162  984
163  313
164  469
165  737
166  304
167  549
168  5
169  752
170  257
171  986
172  632
173  566
174  710
175  309
176  1
177  397
178  193
179  959
180  255
181  764
182  271
183  766
184  176
185  508
186  210
187  215
188  483
189  285
190  756
191  175
192  427
193  424
194  798
195  816
196  265
197  493
198  903
199  560
200  920
201  891
202  118
203  338
204  63
205  499
206  366
207  135
208  10
209  793
210  599
211  185
212  692
213  358
214  746
215  925
216  831
217  495
218  583
219  614
220  623
221  55
222  480
223  503
224  692
225  530
226  384
227  914
228  750
229  149
230  493
231  681
232  751
233  367
234  624
235  898
236  882
237  685
238  762
239  809
240  220
241  349
242  277
243  304
244  25
245  890
246  257
247  177
248  358
249  5
250  325
251  598
252  159
253  170
254  931
255  608
256  515
257  6
258  764
259  751
260  563
261  456
262  468
263  684
264  198
265  15
266  373
267  870
268  372
269  83
270  573
271  151
272  580
273  688
274  868
275  198
276  120
277  103
278  181
279  595
280  315
281  839
282  664
283  754
284  516
285  93
286  451
287  734
288  657
289  171
290  660
291  887
292  465
293  472
294  921
295  963
296  797
297  437
298  884
299  543
300  386
301  463
302  964
303  959
304  322
305  358
306  413
307  957
308  248
309  478
310  47
311  338
312  124
313  166
314  521
315  90
316  846
317  231
318  726
319  203
320  476
321  593
322  745
323  406
324  452
325  867
326  97
327  886
328  569
329  837
330  284
331  755
332  77
333  689
334  586
335  884
336  198
337  596
338  88
339  463
340  72
341  817
342  116
343  249
344  853
345  311
346  279
347  898
348  906
349  7
350  455
351  913
352  94
353  857
354  395
355  305
356  10
357  94
358  473
359  493
360  30
361  223
362  149
363  774
364  563
365  787
366  82
367  973
368  382
369  246
370  962
371  456
372  237
373  634
374  693
375  785
376  582
377  318
378  666
379  711
380  454
381  47
382  137
383  721
384  299
385  239
386  515
387  79
388  574
389  419
390  753
391  262
392  839
393  894
394  863
395  785
396  706
397  133
398  276
399  440
400  397
401  116
402  738
403  773
404  563
405  109
406  263
407  193
408  712
409  730
410  374
411  858
412  1000
413  735
414  704
415  35
416  561
417  815
418  686
419  452
420  973
421  446
422  441
423  918
424  613
425  48
426  597
427  42
428  359
429  675
430  300
431  442
432  234
433  425
434  465
435  30
436  974
437  558
438  142
439  131
440  847
441  364
442  437
443  706
444  517
445  20
446  898
447  864
448  530
449  85
450  260
451  523
452  712
453  330
454  863
455  310
456  534
457  239
458  460
459  62
460  662
461  799
462  565
463  724
464  302
465  442
466  232
467  276
468  1000
469  78
470  757
471  750
472  41
473  294
474  881
475  203
476  853
477  262
478  26
479  830
480  940
481  700
482  7
483  957
484  765
485  272
486  65
487  409
488  484
489  287
490  523
491  193
492  771
493  182
494  683
495  785
496  798
497  721
498  539
499  953
500  79
501  39
502  542
503  20
504  751
505  683
506  352
507  93
508  195
509  434
510  797
511  471
512  446
513  3
514  423
515  575
516  888
517  122
518  650
519  75
520  745
521  298
522  892
523  605
524  854
525  191
526  340
527  557
528  636
529  100
530  63
531  533
532  174
533  389
534  709
535  74
536  755
537  742
538  740
539  674
540  340
541  6
542  869
543  898
544  675
545  116
546  212
547  363
548  548
549  605
550  256
551  210
552  283
553  51
554  1
555  106
556  27
557  219
558  900
559  620
560  133
561  344
562  773
563  53
564  383
565  845
566  264
567  916
568  866
569  715
570  310
571  872
572  896
573  587
574  37
575  913
576  3
577  315
578  178
579  697
580  575
581  529
582  481
583  409
584  683
585  231
586  412
587  436
588  655
589  657
590  775
591  198
592  160
593  515
594  249
595  688
596  891
597  393
598  564
599  719
600  765
601  903
602  20
603  710
604  179
605  513
606  466
607  826
608  99
609  633
610  436
611  333
612  265
613  985
614  790
615  988
616  920
617  267
618  815
619  387
620  967
621  98
622  543
623  737
624  555
625  487
626  893
627  604
628  932
629  104
630  585
631  169
632  436
633  671
634  110
635  629
636  629
637  777
638  177
639  259
640  472
641  176
642  137
643  139
644  736
645  305
646  896
647  234
648  539
649  939
650  16
651  42
652  69
653  647
654  719
655  480
656  152
657  835
658  191
659  905
660  143
661  679
662  196
663  523
664  159
665  272
666  668
667  794
668  665
669  706
670  153
671  390
672  334
673  250
674  881
675  756
676  227
677  921
678  773
679  104
680  601
681  97
682  404
683  278
684  753
685  579
686  955
687  30
688  268
689  974
690  370
691  980
692  577
693  387
694  724
695  200
696  121
697  190
698  860
699  823
700  161
701  975
702  182
703  268
704  140
705  816
706  133
707  175
708  129
709  21
710  649
711  456
712  1000
713  684
714  536
715  474
716  581
717  383
718  175
719  429
720  802
721  24
722  901
723  59
724  673
725  733
726  94
727  593
728  214
729  393
730  306
731  865
732  171
733  716
734  365
735  81
736  427
737  991
738  997
739  724
740  909
741  567
742  379
743  57
744  111
745  231
746  902
747  535
748  16
749  886
750  11
751  57
752  747
753  809
754  49
755  614
756  801
757  948
758  140
759  686
760  513
761  658
762  324
763  974
764  309
765  887
766  509
767  996
768  288
769  817
770  308
771  562
772  306
773  205
774  839
775  323
776  815
777  697
778  133
779  653
780  547
781  876
782  834
783  216
784  121
785  624
786  560
787  540
788  616
789  556
790  499
791  125
792  527
793  63
794  320
795  509
796  766
797  450
798  391
799  764
800  485
801  575
802  775
803  632
804  324
805  230
806  448
807  259
808  899
809  986
810  137
811  833
812  746
813  270
814  567
815  571
816  717
817  763
818  412
819  150
820  212
821  588
822  647
823  536
824  553
825  802
826  895
827  661
828  508
829  480
830  741
831  128
832  769
833  925
834  234
835  276
836  75
837  134
838  977
839  556
840  617
841  713
842  840
843  667
844  716
845  766
846  82
847  485
848  16
849  318
850  262
851  281
852  722
853  68
854  890
855  576
856  925
857  914
858  439
859  524
860  822
861  255
862  714
863  691
864  870
865  342
866  334
867  557
868  173
869  106
870  919
871  256
872  152
873  430
874  641
875  950
876  526
877  69
878  58
879  356
880  820
881  393
882  481
883  356
884  199
885  995
886  822
887  958
888  112
889  208
890  85
891  651
892  300
893  425
894  176
895  190
896  683
897  701
898  76
899  437
900  266
901  662
902  112
903  149
904  133
905  31
906  689
907  865
908  937
909  109
910  91
911  455
912  385
913  650
914  882
915  131
916  644
917  222
918  600
919  587
920  783
921  503
922  488
923  866
924  247
925  195
926  600
927  946
928  637
929  962
930  370
931  149
932  29
933  117
934  921
935  380
936  886
937  693
938  138
939  95
940  484
941  980
942  853
943  672
944  516
945  783
946  12
947  405
948  461
949  396
950  358
951  158
952  868
953  907
954  626
955  382
956  868
957  440
958  566
959  352
960  522
961  508
962  224
963  358
964  395
965  142
966  934
967  482
968  375
969  128
970  831
971  323
972  488
973  733
974  408
975  512
976  916
977  715
978  163
979  430
980  7
981  305
982  190
983  387
984  13
985  407
986  753
987  671
988  931
989  951
990  208
991  261
992  675
993  65
994  629
995  954
996  455
997  796
998  976
999  289
1000  639
1  159
2  537
3  168
4  145
5  528
6  691
7  87
8  581
9  430
10  521
11  169
12  916
13  557
14  983
15  920
16  894
17  974
18  808
19  481
20  917
21  914
22  283
23  344
24  873
25  367
26  207
27  256
28  832
29  59
30  983
31  480
32  897
33  842
34  819
35  14
36  924
37  377
38  909
39  725
40  932
41  10
42  229
43  95
44  348
45  666
46  774
47  536
48  786
49  538
50  987
51  446
52  967
53  139
54  640
55  41
56  542
57  467
58  837
59  561
60  683
61  978
62  210
63  336
64  781
65  419
66  843
67  681
68  122
69  108
70  964
71  801
72  352
73  827
74  741
75  468
76  184
77  890
78  810
79  776
80  950
81  262
82  970
83  511
84  568
85  978
86  707
87  324
88  73
89  537
90  49
91  657
92  64
93  553
94  198
95  424
96  463
97  704
98  466
99  822
100  227
101  648
102  60
103  331
104  918
105  401
106  65
107  687
108  29
109  473
110  434
111  465
112  289
113  777
114  172
115  511
116  643
117  820
118  263
119  439
120  764
121  75
122  833
123  265
124  316
125  418
126  361
127  341
128  426
129  592
130  940
131  365
132  272
133  562
134  492
135  361
136  242
137  562
138  928
139  696
140  636
141  500
142  381
143  430
144  687
145  72
146  314
147  892
148  404
149  314
150  936
151  278
152  949
153  749
154  980
155  460
156  184
157  787
158  870
159  599
160  104
161  240
162  315
163  419
164  844
165  988
166  414
167  239
168  504
169  429
170  245
171  966
172  734
173  4
174  934
175  693
176  901
177  977
178  528
179  834
180  104
181  753
182  296
183  538
184  82
185  11
186  550
187  506
188  671
189  183
190  336
191  232
192  489
193  453
194  217
195  592
196  973
197  857
198  385
199  714
200  489
201  969
202  605
203  574
204  59
205  213
206  145
207  183
208  8
209  456
210  796
211  948
212  105
213  743
214  600
215  296
216  508
217  886
218  105
219  783
220  905
221  164
222  140
223  382
224  889
225  265
226  127
227  145
228  491
229  723
230  334
231  520
232  505
233  828
234  999
235  886
236  113
237  108
238  487
239  52
240  430
241  540
242  679
243  400
244  678
245  434
246  681
247  604
248  279
249  162
250  486
251  326
252  320
253  856
254  390
255  41
256  574
257  343
258  822
259  345
260  888
261  780
262  448
263  738
264  985
265  838
266  261
267  293
268  960
269  591
270  57
271  548
272  437
273  480
274  395
275  556
276  826
277  212
278  691
279  969
280  611
281  213
282  189
283  812
284  621
285  100
286  314
287  575
288  867
289  927
290  215
291  753
292  28
293  308
294  419
295  201
296  359
297  593
298  18
299  930
300  602
301  891
302  384
303  581
304  648
305  606
306  930
307  721
308  921
309  662
310  179
311  455
312  748
313  933
314  701
315  943
316  543
317  933
318  174
319  547
320  145
321  517
322  804
323  833
324  176
325  363
326  244
327  489
328  385
329  927
330  116
331  700
332  503
333  189
334  13
335  250
336  927
337  224
338  105
339  983
340  833
341  687
342  204
343  873
344  387
345  425
346  97
347  258
348  294
349  322
350  901
351  900
352  27
353  675
354  994
355  984
356  561
357  327
358  17
359  266
360  3
361  588
362  899
363  662
364  616
365  860
366  414
367  261
368  17
369  939
370  869
371  934
372  562
373  189
374  165
375  988
376  970
377  207
378  878
379  222
380  990
381  381
382  786
383  894
384  731
385  894
386  53
387  3
388  901
389  783
390  692
391  459
392  499
393  112
394  55
395  854
396  418
397  784
398  777
399  137
400  29
401  238
402  164
403  88
404  752
405  778
406  906
407  147
408  320
409  703
410  758
411  856
412  379
413  435
414  370
415  900
416  110
417  409
418  449
419  897
420  715
421  263
422  646
423  863
424  326
425  585
426  511
427  825
428  176
429  800
430  327
431  478
432  473
433  670
434  690
435  535
436  712
437  778
438  693
439  574
440  702
441  132
442  348
443  401
444  347
445  532
446  964
447  679
448  153
449  321
450  691
451  844
452  318
453  288
454  833
455  369
456  770
457  353
458  580
459  166
460  503
461  622
462  513
463  540
464  713
465  912
466  374
467  764
468  809
469  841
470  913
471  329
472  936
473  234
474  407
475  637
476  531
477  854
478  703
479  693
480  313
481  890
482  806
483  635
484  195
485  83
486  940
487  774
488  942
489  63
490  516
491  759
492  354
493  491
494  577
495  783
496  658
497  649
498  704
499  577
500  802
501  475
502  648
503  663
504  412
505  510
506  126
507  539
508  189
509  511
510  512
511  488
512  761
513  661
514  242
515  737
516  780
517  122
518  422
519  25
520  697
521  140
522  586
523  913
524  446
525  750
526  349
527  755
528  960
529  181
530  273
531  546
532  816
533  641
534  985
535  981
536  135
537  234
538  164
539  168
540  712
541  295
542  432
543  422
544  203
545  923
546  700
547  151
548  537
549  161
550  503
551  180
552  329
553  186
554  256
555  14
556  466
557  937
558  126
559  411
560  881
561  392
562  7
563  956
564  569
565  235
566  851
567  537
568  27
569  362
570  776
571  405
572  317
573  287
574  920
575  649
576  742
577  36
578  553
579  377
580  175
581  877
582  356
583  713
584  365
585  115
586  60
587  945
588  986
589  153
590  174
591  725
592  203
593  919
594  80
595  903
596  235
597  602
598  302
599  550
600  469
601  501
602  477
603  597
604  508
605  896
606  208
607  304
608  915
609  794
610  566
611  154
612  524
613  922
614  534
615  541
616  964
617  80
618  807
619  782
620  963
621  462
622  196
623  315
624  771
625  18
626  374
627  238
628  950
629  571
630  892
631  648
632  593
633  496
634  502
635  876
636  585
637  418
638  605
639  93
640  306
641  713
642  54
643  361
644  413
645  561
646  201
647  913
648  771
649  763
650  112
651  682
652  770
653  122
654  907
655  588
656  962
657  181
658  933
659  512
660  834
661  614
662  629
663  248
664  752
665  80
666  531
667  687
668  123
669  932
670  338
671  115
672  894
673  783
674  561
675  706
676  470
677  91
678  394
679  305
680  800
681  280
682  803
683  865
684  26
685  729
686  788
687  586
688  322
689  135
690  107
691  951
692  631
693  424
694  497
695  844
696  390
697  568
698  943
699  969
700  671
701  347
702  431
703  774
704  473
705  457
706  764
707  513
708  140
709  200
710  911
711  290
712  526
713  566
714  334
715  602
716  509
717  753
718  628
719  897
720  945
721  525
722  645
723  879
724  255
725  310
726  658
727  298
728  845
729  800
730  955
731  482
732  111
733  242
734  940
735  510
736  610
737  359
738  897
739  138
740  573
741  487
742  108
743  520
744  431
745  450
746  707
747  251
748  439
749  96
750  634
751  187
752  30
753  344
754  792
755  555
756  835
757  105
758  351
759  200
760  27
761  23
762  981
763  622
764  25
765  479
766  971
767  389
768  556
769  443
770  547
771  218
772  809
773  903
774  941
775  567
776  463
777  716
778  455
779  980
780  397
781  618
782  381
783  335
784  401
785  495
786  920
787  121
788  436
789  544
790  984
791  824
792  596
793  957
794  788
795  651
796  386
797  279
798  482
799  38
800  929
801  651
802  539
803  587
804  340
805  442
806  493
807  358
808  135
809  4
810  245
811  292
812  787
813  633
814  426
815  611
816  425
817  862
818  270
819  460
820  795
821  369
822  116
823  134
824  45
825  980
826  340
827  251
828  687
829  336
830  981
831  434
832  352
833  947
834  577
835  451
836  976
837  918
838  724
839  752
840  986
841  607
842  929
843  359
844  122
845  136
846  978
847  142
848  846
849  903
850  827
851  809
852  724
853  44
854  447
855  533
856  285
857  242
858  915
859  368
860  228
861  852
862  181
863  160
864  376
865  622
866  373
867  762
868  891
869  123
870  489
871  595
872  512
873  426
874  931
875  622
876  798
877  245
878  487
879  269
880  157
881  948
882  577
883  593
884  993
885  799
886  163
887  354
888  757
889  645
890  652
891  623
892  206
893  102
894  297
895  451
896  760
897  817
898  982
899  974
900  687
901  236
902  741
903  756
904  586
905  601
906  940
907  825
908  258
909  655
910  641
911  387
912  600
913  54
914  469
915  584
916  284
917  969
918  995
919  375
920  391
921  893
922  394
923  17
924  509
925  974
926  397
927  679
928  733
929  411
930  655
931  73
932  850
933  756
934  721
935  343
936  314
937  850
938  354
939  666
940  847
941  249
942  541
943  971
944  706
945  366
946  21
947  963
948  634
949  44
950  59
951  129
952  949
953  90
954  189
955  65
956  328
957  75
958  226
959  398
960  62
961  669
962  617
963  565
964  215
965  726
966  530
967  160
968  886
969  170
970  462
971  591
972  863
973  440
974  686
975  924
976  924
977  500
978  26
979  710
980  557
981  140
982  950
983  154
984  932
985  458
986  53
987  489
988  305
989  558
990  229
991  150
992  403
993  617
994  887
995  640
996  559
997  652
998  401
999  574
1000  674
1  735
2  619
3  991
4  634
5  773
6  876
7  208
8  900
9  71
10  747
11  749
12  216
13  236
14  486
15  567
16  547
17  557
18  260
19  807
20  130
21  982
22  45
23  529
24  661
25  646
26  841
27  300
28  634
29  809
30  583
31  846
32  915
33  824
34  742
35  636
36  251
37  638
38  655
39  499
40  887
41  608
42  209
43  70
44  453
45  96
46  88
47  90
48  591
49  404
50  191
51  579
52  831
53  457
54  352
55  955
56  856
57  109
58  270
59  963
60  724
61  793
62  4
63  44
64  513
65  486
66  433
67  386
68  65
69  674
70  576
71  442
72  483
73  237
74  5
75  791
76  503
77  93
78  908
79  1
80  886
81  851
82  877
83  24
84  660
85  595
86  953
87  983
88  898
89  595
90  823
91  528
92  356
93  171
94  591
95  86
96  784
97  879
98  834
99  131
100  511
101  753
102  136
103  926
104  483
105  555
106  703
107  204
108  301
109  808
110  952
111  900
112  248
113  734
114  474
115  885
116  809
117  427
118  491
119  997
120  158
121  528
122  958
123  770
124  252
125  35
126  470
127  569
128  6
129  904
130  4
131  899
132  285
133  457
134  391
135  934
136  850
137  161
138  363
139  372
140  424
141  75
142  659
143  602
144  348
145  609
146  225
147  985
148  323
149  761
150  119
151  708
152  959
153  343
154  359
155  786
156  144
157  859
158  449
159  993
160  945
161  52
162  620
163  124
164  669
165  708
166  35
167  409
168  412
169  824
170  677
171  568
172  336
173  681
174  556
175  896
176  277
177  712
178  370
179  718
180  493
181  42
182  47
183  608
184  267
185  639
186  12
187  180
188  559
189  643
190  786
191  141
192  964
193  586
194  269
195  998
196  430
197  334
198  722
199  271
200  132
201  145
202  41
203  337
204  96
205  909
206  78
207  369
208  271
209  137
210  824
211  828
212  992
213  346
214  925
215  571
216  11
217  305
218  363
219  847
220  74
221  970
222  199
223  552
224  721
225  895
226  410
227  179
228  445
229  789
230  864
231  184
232  776
233  547
234  215
235  558
236  263
237  105
238  437
239  698
240  425
241  497
242  927
243  707
244  632
245  701
246  696
247  966
248  223
249  86
250  814
251  108
252  520
253  437
254  748
255  453
256  834
257  670
258  281
259  632
260  924
261  468
262  479
263  782
264  853
265  466
266  83
267  912
268  104
269  458
270  899
271  130
272  717
273  625
274  671
275  833
276  244
277  960
278  564
279  929
280  816
281  785
282  563
283  986
284  610
285  49
286  426
287  194
288  358
289  65
290  191
291  493
292  438
293  203
294  522
295  228
296  513
297  350
298  949
299  185
300  856
301  849
302  525
303  607
304  283
305  627
306  1
307  680
308  790
309  958
310  723
311  771
312  875
313  696
314  949
315  575
316  745
317  837
318  732
319  993
320  855
321  248
322  69
323  596
324  292
325  292
326  552
327  971
328  802
329  24
330  365
331  537
332  82
333  155
334  450
335  258
336  716
337  565
338  710
339  371
340  535
341  435
342  803
343  876
344  26
345  577
346  692
347  255
348  145
349  480
350  79
351  850
352  671
353  464
354  448
355  85
356  744
357  385
358  957
359  871
360  615
361  817
362  330
363  396
364  568
365  103
366  490
367  266
368  672
369  64
370  272
371  592
372  578
373  344
374  327
375  865
376  753
377  863
378  132
379  870
380  482
381  595
382  753
383  981
384  883
385  644
386  955
387  601
388  651
389  952
390  750
391  728
392  595
393  969
394  17
395  310
396  371
397  563
398  544
399  752
400  429
401  942
402  293
403  771
404  718
405  559
406  42
407  578
408  334
409  341
410  321
411  848
412  472
413  109
414  975
415  849
416  854
417  66
418  310
419  559
420  867
421  412
422  312
423  136
424  471
425  511
426  728
427  568
428  26
429  917
430  765
431  975
432  832
433  495
434  566
435  411
436  690
437  702
438  49
439  526
440  263
441  446
442  710
443  133
444  206
445  141
446  677
447  295
448  223
449  82
450  525
451  119
452  773
453  925
454  660
455  22
456  746
457  530
458  479
459  139
460  774
461  778
462  442
463  734
464  19
465  502
466  507
467  691
468  686
469  67
470  891
471  680
472  451
473  917
474  729
475  323
476  218
477  752
478  514
479  701
480  435
481  605
482  644
483  421
484  106
485  654
486  594
487  509
488  835
489  490
490  756
491  408
492  190
493  729
494  173
495  177
496  650
497  221
498  978
499  67
500  238
501  323
502  371
503  384
504  540
505  734
506  481
507  306
508  172
509  307
510  709
511  680
512  995
513  399
514  819
515  916
516  511
517  248
518  198
519  680
520  149
521  80
522  849
523  457
524  583
525  105
526  879
527  515
528  149
529  508
530  928
531  793
532  579
533  391
534  436
535  504
536  360
537  502
538  695
539  902
540  979
541  255
542  218
543  782
544  862
545  984
546  50
547  460
548  403
549  311
550  872
551  645
552  953
553  634
554  185
555  490
556  650
557  484
558  294
559  969
560  477
561  617
562  758
563  661
564  861
565  26
566  691
567  465
568  716
569  287
570  526
571  463
572  950
573  100
574  396
575  36
576  810
577  310
578  93
579  465
580  984
581  423
582  959
583  409
584  932
585  358
586  331
587  167
588  827
589  521
590  921
591  289
592  378
593  641
594  374
595  544
596  109
597  96
598  337
599  185
600  566
601  212
602  741
603  124
604  446
605  493
606  565
607  900
608  976
609  656
610  647
611  491
612  246
613  818
614  1
615  877
616  564
617  974
618  918
619  460
620  435
621  493
622  800
623  295
624  342
625  629
626  101
627  957
628  456
629  527
630  652
631  26
632  277
633  398
634  259
635  503
636  582
637  15
638  8
639  193
640  947
641  315
642  683
643  957
644  243
645  838
646  940
647  783
648  517
649  293
650  902
651  861
652  762
653  473
654  554
655  220
656  360
657  795
658  303
659  970
660  154
661  916
662  920
663  646
664  51
665  538
666  759
667  640
668  546
669  612
670  628
671  916
672  730
673  684
674  212
675  137
676  263
677  433
678  989
679  814
680  562
681  948
682  271
683  554
684  632
685  363
686  539
687  507
688  373
689  827
690  319
691  461
692  326
693  503
694  87
695  818
696  701
697  157
698  141
699  422
700  557
701  315
702  34
703  897
704  364
705  679
706  307
707  756
708  137
709  764
710  640
711  413
712  19
713  241
714  662
715  474
716  187
717  785
718  931
719  987
720  13
721  888
722  192
723  885
724  844
725  422
726  555
727  774
728  361
729  221
730  517
731  468
732  701
733  634
734  363
735  506
736  296
737  611
738  848
739  343
740  242
741  173
742  342
743  206
744  17
745  829
746  844
747  842
748  574
749  561
750  354
751  951
752  162
753  355
754  945
755  590
756  654
757  14
758  561
759  470
760  717
761  595
762  269
763  497
764  83
765  254
766  174
767  53
768  944
769  256
770  8
771  303
772  428
773  707
774  302
775  175
776  68
777  146
778  749
779  53
780  397
781  690
782  769
783  954
784  741
785  972
786  25
787  128
788  523
789  911
790  144
791  264
792  678
793  515
794  258
795  829
796  99
797  855
798  183
799  904
800  219
801  331
802  836
803  125
804  615
805  347
806  578
807  964
808  693
809  28
810  974
811  626
812  758
813  77
814  873
815  796
816  467
817  245
818  672
819  880
820  285
821  854
822  181
823  736
824  1000
825  391
826  35
827  326
828  556
829  303
830  809
831  243
832  331
833  30
834  247
835  713
836  737
837  637
838  101
839  181
840  71
841  966
842  350
843  774
844  414
845  959
846  198
847  283
848  587
849  172
850  868
851  331
852  719
853  869
854  787
855  553
856  654
857  623
858  127
859  751
860  667
861  899
862  144
863  670
864  43
865  883
866  829
867  158
868  798
869  132
870  181
871  783
872  193
873  906
874  686
875  901
876  556
877  520
878  209
879  8
880  132
881  186
882  191
883  29
884  968
885  763
886  39
887  628
888  629
889  11
890  671
891  860
892  490
893  297
894  782
895  281
896  517
897  719
898  740
899  204
900  404
901  161
902  35
903  365
904  813
905  593
906  308
907  111
908  987
909  3
910  557
911  434
912  73
913  110
914  952
915  793
916  522
917  137
918  700
919  505
920  857
921  851
922  734
923  806
924  757
925  488
926  877
927  8
928  380
929  867
930  712
931  941
932  884
933  350
934  81
935  444
936  847
937  86
938  903
939  539
940  478
941  688
942  200
943  109
944  594
945  646
946  740
947  53
948  22
949  703
950  889
951  371
952  373
953  601
954  680
955  909
956  350
957  354
958  428
959  413
960  617
961  931
962  596
963  588
964  489
965  311
966  202
967  173
968  669
969  732
970  460
971  819
972  295
973  135
974  722
975  959
976  213
977  479
978  321
979  379
980  894
981  933
982  101
983  626
984  30
985  241
986  847
987  463
988  765
989  493
990  536
991  521
992  653
993  908
994  934
995  69
996  249
997  569
998  392
999  797
1000  716
1  155
2  123
3  957
4  614
5  485
6  673
7  647
8  819
9  584
10  631
11  995
12  603
13  243
14  159
15  488
16  970
17  494
18  571
19  67
20  881
21  276
22  343
23  326
24  652
25  34
26  274
27  548
28  414
29  439
30  300
31  685
32  697
33  304
34  600
35  892
36  963
37  673
38  54
39  820
40  229
41  79
42  438
43  284
44  509
45  730
46  517
47  409
48  150
49  847
50  201
51  31
52  54
53  881
54  597
55  433
56  636
57  91
58  680
59  970
60  135
61  964
62  294
63  959
64  3
65  802
66  630
67  301
68  763
69  606
70  829
71  717
72  897
73  932
74  506
75  369
76  868
77  335
78  292
79  86
80  63
81  843
82  831
83  126
84  830
85  381
86  454
87  638
88  885
89  427
90  55
91  280
92  698
93  78
94  431
95  209
96  438
97  53
98  954
99  537
100  934
101  656
102  129
103  817
104  724
105  377
106  795
107  337
108  380
109  395
110  341
111  750
112  645
113  766
114  960
115  435
116  920
117  458
118  270
119  778
120  256
121  578
122  444
123  995
124  952
125  316
126  684
127  555
128  64
129  720
130  648
131  651
132  76
133  332
134  187
135  693
136  677
137  166
138  340
139  348
140  609
141  835
142  81
143  159
144  15
145  982
146  966
147  160
148  817
149  983
150  869
151  316
152  129
153  260
154  148
155  65
156  662
157  619
158  624
159  88
160  824
161  409
162  461
163  617
164  952
165  500
166  910
167  525
168  537
169  108
170  993
171  724
172  114
173  621
174  86
175  73
176  260
177  642
178  687
179  14
180  312
181  567
182  303
183  49
184  219
185  680
186  799
187  441
188  147
189  32
190  75
191  668
192  6
193  98
194  632
195  315
196  464
197  128
198  782
199  452
200  129
201  876
202  290
203  775
204  775
205  845
206  594
207  304
208  631
209  427
210  72
211  669
212  684
213  454
214  382
215  647
216  412
217  958
218  34
219  458
220  770
221  315
222  777
223  442
224  848
225  540
226  745
227  274
228  48
229  119
230  223
231  403
232  572
233  664
234  35
235  855
236  849
237  893
238  546
239  569
240  357
241  474
242  464
243  304
244  784
245  936
246  768
247  706
248  186
249  698
250  309
251  252
252  280
253  885
254  711
255  978
256  808
257  221
258  774
259  871
260  30
261  573
262  238
263  28
264  490
265  141
266  857
267  997
268  151
269  686
270  932
271  978
272  177
273  680
274  972
275  611
276  5
277  646
278  466
279  54
280  341
281  362
282  323
283  135
284  817
285  41
286  761
287  900
288  786
289  432
290  381
291  721
292  655
293  462
294  679
295  27
296  740
297  501
298  428
299  296
300  110
301  784
302  830
303  632
304  300
305  819
306  384
307  826
308  596
309  354
310  146
311  631
312  363
313  397
314  588
315  556
316  291
317  106
318  725
319  471
320  695
321  334
322  808
323  88
324  617
325  239
326  95
327  890
328  863
329  874
330  417
331  469
332  465
333  826
334  756
335  763
336  711
337  608
338  602
339  249
340  593
341  903
342  850
343  931
344  431
345  266
346  982
347  4
348  21
349  18
350  873
351  774
352  746
353  595
354  314
355  735
356  809
357  893
358  723
359  567
360  891
361  562
362  638
363  978
364  164
365  625
366  840
367  969
368  895
369  796
370  918
371  732
372  695
373  641
374  226
375  281
376  8
377  784
378  784
379  155
380  192
381  769
382  956
383  453
384  719
385  950
386  545
387  618
388  485
389  984
390  242
391  731
392  888
393  216
394  525
395  539
396  514
397  351
398  687
399  153
400  335
401  1000
402  774
403  240
404  161
405  507
406  198
407  861
408  981
409  413
410  931
411  493
412  376
413  930
414  944
415  639
416  445
417  66
418  824
419  991
420  633
421  550
422  399
423  428
424  641
425  726
426  184
427  936
428  432
429  257
430  320
431  678
432  778
433  216
434  656
435  283
436  68
437  871
438  998
439  99
440  493
441  690
442  443
443  776
444  306
445  495
446  392
447  37
448  217
449  553
450  388
451  435
452  574
453  132
454  52
455  977
456  972
457  64
458  240
459  454
460  214
461  252
462  524
463  584
464  262
465  478
466  193
467  143
468  426
469  810
470  838
471  677
472  364
473  758
474  289
475  97
476  409
477  369
478  285
479  144
480  120
481  848
482  416
483  346
484  402
485  194
486  39
487  460
488  531
489  841
490  939
491  760
492  607
493  390
494  764
495  126
496  553
497  918
498  302
499  513
500  352
501  185
502  257
503  882
504  804
505  533
506  273
507  172
508  260
509  353
510  491
511  473
512  949
513  204
514  991
515  437
516  48
517  645
518  445
519  152
520  300
521  702
522  284
523  572
524  388
525  485
526  954
527  240
528  204
529  4
530  597
531  180
532  160
533  464
534  615
535  485
536  587
537  552
538  364
539  132
540  344
541  445
542  237
543  811
544  925
545  918
546  480
547  793
548  88
549  930
550  609
551  59
552  359
553  658
554  812
555  741
556  332
557  56
558  714
559  607
560  407
561  375
562  315
563  37
564  175
565  40
566  260
567  851
568  999
569  717
570  878
571  327
572  36
573  313
574  881
575  999
576  61
577  124
578  10
579  940
580  636
581  846
582  274
583  564
584  638
585  983
586  434
587  434
588  483
589  181
590  450
591  263
592  32
593  864
594  594
595  931
596  676
597  134
598  301
599  502
600  546
601  765
602  386
603  467
604  805
605  62
606  339
607  290
608  755
609  271
610  690
611  389
612  414
613  645
614  497
615  496
616  682
617  335
618  892
619  584
620  898
621  816
622  465
623  330
624  865
625  864
626  849
627  307
628  599
629  69
630  105
631  775
632  320
633  540
634  868
635  819
636  658
637  404
638  597
639  206
640  785
641  467
642  857
643  216
644  780
645  624
646  886
647  704
648  772
649  528
650  213
651  450
652  647
653  379
654  908
655  462
656  786
657  348
658  334
659  193
660  871
661  379
662  418
663  121
664  102
665  579
666  590
667  207
668  179
669  202
670  608
671  160
672  17
673  126
674  614
675  182
676  513
677  319
678  979
679  52
680  349
681  708
682  906
683  491
684  846
685  468
686  944
687  735
688  268
689  57
690  569
691  680
692  806
693  990
694  624
695  76
696  998
697  383
698  454
699  29
700  329
701  14
702  83
703  247
704  730
705  695
706  174
707  173
708  562
709  510
710  37
711  520
712  969
713  851
714  241
715  676
716  708
717  275
718  875
719  424
720  30
721  393
722  265
723  539
724  868
725  971
726  902
727  396
728  207
729  421
730  885
731  584
732  220
733  286
734  290
735  360
736  17
737  406
738  617
739  312
740  130
741  787
742  579
743  374
744  67
745  479
746  439
747  18
748  140
749  3
750  666
751  807
752  699
753  132
754  594
755  919
756  675
757  280
758  663
759  608
760  74
761  737
762  893
763  522
764  124
765  615
766  157
767  394
768  320
769  230
770  264
771  810
772  340
773  407
774  305
775  964
776  671
777  57
778  62
779  620
780  448
781  197
782  165
783  752
784  594
785  806
786  130
787  132
788  312
789  396
790  970
791  139
792  53
793  579
794  538
795  682
796  602
797  994
798  419
799  16
800  935
801  649
802  369
803  533
804  135
805  953
806  165
807  925
808  699
809  4
810  933
811  933
812  648
813  741
814  451
815  576
816  567
817  156
818  646
819  249
820  857
821  824
822  965
823  738
824  8
825  18
826  214
827  171
828  256
829  941
830  119
831  466
832  30
833  640
834  748
835  213
836  901
837  829
838  195
839  308
840  658
841  535
842  900
843  841
844  852
845  202
846  165
847  924
848  735
849  543
850  87
851  285
852  906
853  542
854  458
855  111
856  108
857  933
858  190
859  104
860  721
861  750
862  606
863  657
864  305
865  768
866  432
867  726
868  20
869  1
870  617
871  15
872  895
873  648
874  909
875  19
876  51
877  918
878  50
879  693
880  815
881  43
882  292
883  424
884  487
885  821
886  674
887  585
888  887
889  649
890  697
891  740
892  874
893  811
894  689
895  524
896  160
897  918
898  525
899  607
900  51
901  932
902  603
903  722
904  951
905  28
906  529
907  557
908  971
909  763
910  810
911  374
912  888
913  571
914  364
915  175
916  100
917  117
918  44
919  777
920  683
921  41
922  445
923  234
924  103
925  787
926  699
927  409
928  903
929  243
930  803
931  583
932  783
933  66
934  982
935  979
936  865
937  78
938  330
939  564
940  323
941  108
942  685
943  974
944  906
945  742
946  347
947  875
948  409
949  72
950  227
951  622
952  669
953  661
954  742
955  508
956  369
957  311
958  701
959  506
960  676
961  120
962  580
963  529
964  865
965  16
966  774
967  694
968  597
969  361
970  737
971  926
972  128
973  667
974  849
975  175
976  945
977  873
978  354
979  712
980  98
981  338
982  391
983  994
984  618
985  907
986  246
987  731
988  914
989  394
990  609
991  821
992  172
993  912
994  289
995  524
996  111
997  50
998  526
999  901
1000  758
1  742
2  586
3  772
4  900
5  18
6  89
7  576
8  642
9  464
10  402
11  454
12  107
13  397
14  193
15  92
16  319
17  362
18  647
19  356
20  55
21  868
22  168
23  561
24  573
25  710
26  808
27  829
28  6
29  306
30  582
31  856
32  201
33  877
34  944
35  537
36  294
37  361
38  355
39  91
40  915
41  645
42  970
43  131
44  613
45  824
46  610
47  220
48  262
49  624
50  582
51  556
52  413
53  596
54  314
55  840
56  30
57  269
58  941
59  942
60  107
61  151
62  202
63  241
64  415
65  835
66  850
67  691
68  400
69  54
70  747
71  406
72  659
73  146
74  118
75  822
76  407
77  511
78  701
79  969
80  164
81  573
82  320
83  359
84  753
85  172
86  858
87  137
88  702
89  845
90  568
91  966
92  904
93  941
94  280
95  318
96  45
97  163
98  957
99  128
100  748
101  327
102  840
103  491
104  109
105  463
106  429
107  332
108  528
109  881
110  129
111  576
112  657
113  54
114  921
115  681
116  444
117  377
118  536
119  52
120  547
121  181
122  893
123  985
124  196
125  372
126  64
127  908
128  264
129  917
130  737
131  950
132  129
133  862
134  416
135  902
136  830
137  800
138  401
139  820
140  118
141  294
142  384
143  447
144  700
145  165
146  431
147  815
148  188
149  783
150  57
151  787
152  324
153  418
154  932
155  555
156  514
157  577
158  317
159  705
160  786
161  614
162  440
163  296
164  312
165  310
166  768
167  834
168  601
169  267
170  351
171  294
172  420
173  560
174  201
175  654
176  45
177  823
178  956
179  163
180  358
181  955
182  471
183  606
184  689
185  513
186  117
187  839
188  520
189  377
190  872
191  291
192  312
193  824
194  150
195  997
196  302
197  185
198  141
199  618
200  92
201  491
202  954
203  46
204  544
205  489
206  362
207  462
208  244
209  374
210  932
211  51
212  333
213  903
214  289
215  475
216  859
217  442
218  682
219  505
220  496
221  336
222  158
223  972
224  860
225  267
226  557
227  435
228  462
229  881
230  686
231  713
232  581
233  699
234  432
235  955
236  424
237  177
238  547
239  543
240  750
241  612
242  154
243  196
244  747
245  391
246  783
247  927
248  919
249  993
250  89
251  547
252  920
253  789
254  133
255  78
256  489
257  142
258  29
259  815
260  731
261  568
262  59
263  96
264  288
265  663
266  342
267  18
268  116
269  400
270  443
271  679
272  295
273  521
274  78
275  289
276  904
277  828
278  461
279  829
280  849
281  889
282  933
283  962
284  436
285  467
286  859
287  74
288  929
289  565
290  344
291  423
292  143
293  181
294  746
295  38
296  477
297  838
298  43
299  33
300  780
301  999
302  533
303  626
304  436
305  73
306  227
307  167
308  831
309  405
310  433
311  441
312  35
313  364
314  37
315  519
316  524
317  645
318  674
319  138
320  88
321  668
322  578
323  61
324  123
325  103
326  449
327  540
328  34
329  860
330  5
331  160
332  339
333  599
334  594
335  457
336  524
337  876
338  58
339  652
340  386
341  562
342  228
343  472
344  282
345  274
346  613
347  459
348  2
349  6
350  229
351  253
352  571
353  355
354  37
355  635
356  638
357  700
358  324
359  403
360  42
361  729
362  563
363  485
364  131
365  609
366  574
367  629
368  279
369  304
370  871
371  2
372  329
373  908
374  393
375  718
376  341
377  264
378  308
379  894
380  275
381  256
382  908
383  265
384  238
385  815
386  636
387  48
388  757
389  234
390  751
391  121
392  851
393  921
394  512
395  675
396  379
397  988
398  396
399  947
400  340
401  503
402  508
403  381
404  356
405  313
406  541
407  832
408  989
409  655
410  516
411  40
412  97
413  807
414  737
415  492
416  227
417  95
418  95
419  678
420  853
421  757
422  294
423  828
424  116
425  201
426  225
427  337
428  556
429  489
430  126
431  943
432  997
433  478
434  964
435  600
436  235
437  679
438  453
439  39
440  941
441  505
442  133
443  948
444  523
445  505
446  905
447  977
448  826
449  91
450  78
451  893
452  409
453  246
454  806
455  734
456  900
457  340
458  29
459  693
460  741
461  866
462  778
463  449
464  88
465  94
466  872
467  966
468  803
469  346
470  266
471  855
472  632
473  920
474  126
475  935
476  72
477  860
478  313
479  616
480  348
481  825
482  238
483  137
484  644
485  866
486  98
487  676
488  821
489  356
490  519
491  60
492  859
493  686
494  419
495  667
496  893
497  903
498  30
499  36
500  874
501  482
502  430
503  913
504  278
505  853
506  286
507  433
508  391
509  253
510  874
511  8
512  385
513  913
514  630
515  268
516  166
517  78
518  1
519  200
520  21
521  459
522  999
523  168
524  187
525  775
526  98
527  31
528  273
529  397
530  369
531  122
532  435
533  705
534  855
535  170
536  535
537  224
538  315
539  933
540  224
541  808
542  987
543  240
544  894
545  538
546  742
547  854
548  312
549  727
550  217
551  831
552  504
553  948
554  176
555  178
556  456
557  833
558  323
559  927
560  134
561  409
562  28
563  207
564  884
565  840
566  321
567  181
568  877
569  39
570  268
571  759
572  660
573  927
574  872
575  387
576  730
577  440
578  534
579  533
580  682
581  400
582  342
583  867
584  13
585  352
586  610
587  84
588  552
589  591
590  271
591  319
592  87
593  195
594  264
595  675
596  548
597  636
598  524
599  717
600  589
601  202
602  986
603  835
604  154
605  527
606  702
607  360
608  439
609  716
610  551
611  203
612  472
613  110
614  273
615  196
616  218
617  871
618  919
619  911
620  898
621  132
622  649
623  5
624  266
625  890
626  621
627  608
628  469
629  979
630  701
631  648
632  113
633  470
634  739
635  765
636  412
637  523
638  797
639  486
640  336
641  965
642  666
643  343
644  818
645  121
646  59
647  736
648  687
649  371
650  610
651  835
652  498
653  263
654  261
655  742
656  285
657  619
658  597
659  158
660  533
661  891
662  541
663  12
664  79
665  630
666  993
667  543
668  816
669  78
670  798
671  696
672  830
673  827
674  519
675  741
676  122
677  741
678  980
679  654
680  195
681  77
682  556
683  918
684  787
685  893
686  897
687  144
688  754
689  629
690  63
691  824
692  250
693  591
694  370
695  824
696  523
697  848
698  728
699  864
700  315
701  967
702  506
703  505
704  263
705  711
706  727
707  669
708  865
709  900
710  175
711  951
712  603
713  664
714  750
715  22
716  811
717  613
718  928
719  19
720  740
721  284
722  99
723  304
724  452
725  411
726  706
727  578
728  761
729  943
730  249
731  455
732  256
733  975
734  244
735  769
736  169
737  636
738  403
739  258
740  530
741  554
742  702
743  533
744  295
745  847
746  568
747  345
748  540
749  38
750  609
751  274
752  280
753  565
754  121
755  975
756  948
757  455
758  493
759  298
760  302
761  697
762  956
763  318
764  400
765  623
766  448
767  830
768  924
769  71
770  735
771  422
772  894
773  279
774  648
775  97
776  579
777  767
778  908
779  752
780  399
781  938
782  560
783  952
784  480
785  101
786  3
787  336
788  621
789  98
790  748
791  482
792  874
793  765
794  677
795  440
796  361
797  477
798  647
799  468
800  422
801  200
802  230
803  820
804  366
805  659
806  633
807  362
808  767
809  691
810  911
811  905
812  282
813  449
814  756
815  950
816  986
817  546
818  541
819  849
820  82
821  914
822  28
823  939
824  638
825  732
826  144
827  118
828  144
829  795
830  257
831  194
832  804
833  640
834  853
835  822
836  353
837  230
838  856
839  455
840  217
841  823
842  775
843  264
844  290
845  457
846  472
847  833
848  51
849  124
850  110
851  991
852  677
853  938
854  966
855  967
856  875
857  691
858  354
859  683
860  336
861  156
862  536
863  941
864  849
865  663
866  732
867  127
868  280
869  456
870  82
871  202
872  59
873  180
874  742
875  767
876  778
877  321
878  94
879  377
880  637
881  578
882  562
883  257
884  81
885  657
886  650
887  638
888  810
889  87
890  18
891  403
892  761
893  179
894  424
895  57
896  659
897  96
898  981
899  467
900  281
901  334
902  23
903  434
904  345
905  566
906  854
907  687
908  519
909  299
910  769
911  394
912  503
913  725
914  57
915  738
916  672
917  526
918  122
919  116
920  937
921  751
922  798
923  653
924  268
925  217
926  817
927  218
928  965
929  426
930  278
931  516
932  34
933  739
934  137
935  399
936  762
937  379
938  795
939  501
940  541
941  582
942  963
943  444
944  568
945  236
946  346
947  40
948  703
949  658
950  307
951  974
952  436
953  728
954  99
955  330
956  540
957  195
958  687
959  440
960  35
961  683
962  785
963  857
964  755
965  47
966  23
967  465
968  447
969  646
970  535
971  164
972  151
973  599
974  334
975  949
976  751
977  584
978  951
979  585
980  562
981  301
982  188
983  567
984  834
985  143
986  681
987  358
988  16
989  55
990  621
991  145
992  359
993  277
994  552
995  120
996  331
997  601
998  281
999  342
1000  285
